    526
    230
     52
      6
     10
    121
    137
    165
    434
    180
    457
    709
    828
   1155
    209
    311
     78
     16
     87
    272
     94
    324
    234
    187
    142
    833
    443
    249
     13
     69
     28
     48
   1469
    223
     80
   1317
    368
     32
     67
    336
     91
    240
     45
    228
    925
    820
    184
     62
     93
    217
    305
    761
    178
    791
    149
   1355
    159
    697
     82
    852
    100
    262
     70
     26
    112
     48
   1146
    232
    275
    834
    130
